17
21
34
68
85
103
105
107
109
111
112
117
124
135
138
157
177
184
188
191
198
203
209
211
222
231
234
236
252
256
286
287
291
298
305
307
323
328
330
339
346
353
357
361
368
376
384
395
402
406
419
423
426
433
434
450
452
494
505
510
523
530
546
576
580
605
618
631
634
639
653
674
679
690
703
721
735
745
747
757
771
773
779
787
801
805
808
820
822
824
852
854
858
875
878
885
890
894
899
902
904
907
914
923
924
945
947
949
952
959
984
998
1004
1006
1018
1027
1029
1042
1050
1062
1069
1076
1084
1093
1104
1106
1134
1135
1136
1137
1141
1158
1180
1186
1197
1203
1241
1257
1271
1276
1283
1286
1301
1313
1332
1339
1344
1347
1351
1357
1386
1397
1423
1439
1441
1442
1459
1478
1485
1488
1498
1516
1517
1527
1528
1535
1563
1571
1578
1579
1590
1594
1604
1606
1611
1616
1621
1629
1636
1699
1701
1709
1727
1764
1784
1804
1816
1819
1840
1855
1858
1860
1872
1893
1901
1931
1935
1944
1967
1972
1973
1982
1986
1988
1991
1995
1999
2005
2015
2018
2021
2034
2045
2049
2078
2081
2090
2092
2100
2116
2124
2135
2150
2185
2187
2208
2215
2222
2223
2224
2240
2245
2258
2263
2265
2280
2284
2298
2301
2310
2338
2341
2343
2349
2361
2365
2369
2371
2378
2387
2394
2397
2413
2420
2423
2427
2442
2464
2467
2473
2477
2482
2486
2512
2513
2550
2558
2561
2582
2586
2589
2590
2592
2598
2619
2636
2639
2649
2658
2664
2666
2667
2682
2710
2718
2733
2740
2743
2747
2759
2763
2775
2784
2786
2800
2809
2813
2819
2825
2830
2871
2905
2919
2921
2953
2973
2974
2984
2990
2997
3019
3024
3026
3036
3042
3065
3070
3078
3084
3100
3123
3127
3132
3133
3143
3145
3155
3184
3191
3196
3210
3214
3218
3222
3225
3234
3242
3267
3272
3283
3306
3318
3333
3347
3362
3365
3369
3377
3386
3392
3393
3417
3426
3433
3437
3456
3460
3481
3482
3490
3491
3497
3506
3513
3516
3559
3575
3598
3600
3602
3632
3639
3649
3657
3674
3678
3703
3705
3722
3728
3748
3768
3771
3788
3790
3793
3796
3800
3818
3830
3841
3851
3866
3868
3876
3883
3895
3903
3917
3929
3935
3940
3949
3952
3956
3969
3974
3977
3980
3999
4002
4004
4016
4030
4058
4084
4094
4096
4101
4103
4104
4109
4113
4115
4118
4155
4166
4187
4211
4240
4267
4271
4275
4290
4292
4308
4313
4328
4334
4367
4390
4394
4397
4401
4405
4406
4410
4423
4427
4458
4467
4506
4520
4521
4527
4535
4566
4574
4577
4588
4592
4631
4640
4641
4644
4655
4675
4676
4679
4685
4696
4700
4708
4714
4718
4730
4741
4749
4766
4770
4784
4785
4787
4816
4827
4833
4871
4873
4883
4893
4900
4906
4910
4916
4924
4929
4951
4954
4966
4968
4985
5008
5030
5031
5032
5048
5049
5050
5058
5060
5071
5072
5074
5096
5099
5124
5138
5142
5150
5170
5171
5196
5199
5215
5247
5278
5282
5285
5289
5319
5336
5347
5348
5349
5362
5369
5370
5382
5384
5389
5392
5398
5400
5448
5453
5481
5491
5494
5495
5506
5525
5527
5528
5535
5542
5561
5564
5573
5581
5596
5604
5611
5619
5622
5643
5645
5662
5665
5666
5689
5691
5692
5696
5710
5727
5752
5760
5761
5768
5771
5772
5774
5783
5786
5794
5795
5801
5806
5818
5819
5820
5824
5827
5830
5832
5839
5865
5874
5885
5901
5908
5909
5910
5911
5935
5944
5950
5954
5958
5962
5978
5979
6001
6005
6024
6055
6063
6082
6088
6090
6098
6116
6145
6147
6155
6156
6158
6160
6166
6171
6174
6176
6202
6206
6212
6214
6228
6234
6262
6272
6273
6279
6317
6321
6353
6358
6359
6365
6378
6398
6432
6440
6447
6448
6466
6481
6526
6533
6534
6537
6540
6543
6552
6566
6571
6579
6598
6603
6621
6630
6632
6638
6653
6675
6681
6685
6692
6697
6700
6707
6709
6710
6711
6718
6736
6756
6783
6805
6821
6824
6828
6833
6838
6850
6856
6863
6871
6878
6884
6892
6894
6901
6908
6914
6917
6930
6940
6942
6950
6952
6954
6955
6973
6976
6983
7009
7013
7059
7067
7095
7101
7102
7105
7107
7118
7138
7161
7169
7175
7181
7184
7187
7192
7216
7223
7224
7225
7229
7230
7232
7235
7241
7246
7251
7254
7262
7275
7284
7299
7301
7309
7310
7323
7326
7327
7328
7338
7354
7357
7363
7371
7373
7382
7391
7402
7427
7429
7445
7449
7477
7478
7482
7492
7494
7511
7514
7517
7529
7539
7574
7585
7589
7595
7607
7612
7614
7616
7618
7621
7629
7650
7654
7668
7676
7681
7686
7695
7706
7709
7718
7726
7752
7756
7774
7784
7786
7798
7799
7804
7809
7815
7830
7853
7866
7884
7900
7908
7930
7936
7946
7951
7955
7965
7968
7973
7979
8037
8068
8070
8071
8086
8103
8109
8110
8114
8115
8145
8154
8156
8188
8217
8222
8224
8228
8238
8258
8311
8314
8323
8344
8364
8374
8389
8393
8406
8411
8426
8427
8431
8445
8447
8450
8452
8471
8472
8481
8489
8492
8493
8498
8501
8532
8533
8543
8546
8548
8551
8558
8559
8608
8662
8668
8675
8678
8682
8695
8698
8731
8734
8735
8786
8790
8798
8799
8803
8850
8869
8870
8876
8887
8896
8914
8917
8921
8936
8947
8948
8978
8984
8985
8989
8990
8992
8995
8996
9002
9003
9013
9030
9036
9044
9054
9058
9061
9064
9096
9101
9137
9144
9161
9177
9206
9216
9227
9233
9248
9249
9253
9256
9263
9266
9272
9274
9278
9302
9304
9311
9319
9330
9339
9363
9364
9385
9395
9402
9403
9407
9428
9434
9443
9457
9473
9481
9484
9486
9498
9505
9518
9539
9544
9545
9547
9555
9575
9602
9635
9640
9656
9672
9673
9676
9686
9688
9710
9714
9718
9727
9736
9750
9753
9768
9778
9782
9787
9795
9805
9810
9818
9823
9828
9856
9871
9872
9873
9889
9895
9897
9900
9906
9920
9933
9954
9957
9962
9965
9966
9968
9969
9973
9976
9981
9984
10004
10059
10071
10094
10119
10134
10144
10149
10152
10167
10188
10206
10207
10220
10222
10224
10236
10246
10248
10251
10254
10257
10262
10301
10302
10305
10310
10315
10369
10375
10377
10386
10394
10414
10416
10417
10422
10425
10428
10434
10478
10487
10510
10515
10531
10532
10560
10569
10581
10595
10604
10612
10623
10624
10634
10635
10642
10675
10676
10677
10679
10689
10694
10704
10712
10721
10725
10736
10742
10751
10753
10757
10774
10799
10809
10820
10835
10852
10854
10861
10886
10906
10924
10928
10932
10939
10947
10948
10950
10954
10957
10972
10973
10976
11003
11007
11019
11032
11043
11049
11050
11061
11076
11090
11098
11099
11109
11123
11135
11146
11147
11162
11202
11212
11235
11236
11242
11255
11285
11288
11295
11318
11321
11323
11328
11339
11342
11343
11346
11348
11369
11372
11382
11395
11427
11432
11442
11446
11448
11464
11470
11474
11479
11486
11505
11526
11537
11554
11559
11563
11567
11587
11588
11595
11610
11618
11623
11634
11638
11643
11646
11671
11674
11693
11700
11702
11722
11723
11728
11735
11755
11756
11760
11762
11764
11767
11795
11809
11815
11825
11826
11838
11844
11859
11862
11870
11876
11877
11880
11885
11908
11932
11944
11952
11957
11981
11993
12003
12008
12013
12014
12020
12026
12028
12039
12048
12065
12070
12076
12077
12081
12087
12108
12113
12125
12136
12140
12142
12149
12157
12183
12188
12192
12198
12234
12249
12274
12281
12292
12306
12310
12312
12330
12337
12340
12344
12351
12365
12367
12387
12401
12403
12408
12411
12412
12450
12467
12508
12530
12540
12566
12567
12573
12589
12599
12623
12631
12659
12660
12697
12712
12713
12720
12730
12733
12736
12741
12769
12770
12776
12788
12795
12797
12798
12799
12805
12810
12819
12834
12849
12858
12878
12896
12902
12905
12914
12927
12940
12952
12954
12982
12987
13033
13036
13052
13055
13072
13086
13144
13174
13179
13181
13183
13185
13203
13208
13212
13214
13217
13252
13253
13258
13265
13289
13293
13305
13306
13318
13329
13355
13401
13405
13419
13436
13451
13455
13463
13486
13514
13528
13536
13542
13543
13552
13562
13564
13579
13589
13615
13618
13627
13633
13634
13640
13641
13644
13648
13666
13699
13702
13719
13733
13740
13761
13794
13806
13807
13816
13830
13835
13837
13839
13852
13855
13856
13864
13882
13906
13913
13920
13932
13935
13936
13941
13944
13948
13960
13978
13998
14002
14008
14031
14038
14041
14061
14078
14082
14087
14093
14094
14098
14104
14106
14109
14114
14116
14154
14176
14190
14193
14197
14205
14217
14245
14253
14256
14269
14279
14313
14316
14328
14332
14334
14342
14348
14363
14393
14423
14467
14507
14510
14517
14520
14567
14579
14585
14606
14611
14617
14621
14622
14634
14646
14651
14667
14669
14672
14701
14705
14711
14714
14738
14741
14749
14755
14768
14777
14822
14828
14835
14836
14837
14841
14855
14862
14873
14898
14909
14928
14950
14953
14983
14990
15003
15025
15041
15046
15047
15054
15057
15066
15091
15103
15128
15153
15175
15185
15208
15209
15226
15227
15243
15285
15311
15337
15343
15348
15357
15370
15380
15387
15401
15407
15411
15434
15441
15450
15454
15465
15467
15472
15485
15503
15538
15545
15546
15547
15548
15566
15570
15573
15576
15632
15641
15654
15679
15682
15686
15687
15697
15704
15713
15716
15726
15727
15732
15733
15749
15769
15770
15778
15784
15793
15809
15812
15832
15841
15843
15847
15852
15853
15859
15877
15881
15883
15894
15904
15914
15916
15918
15919
15922
15930
15933
15935
15952
15964
15967
15977
15992
15996
16020
16022
16025
16032
16044
16053
16055
16072
16074
16076
16080
16088
16112
16122
16129
16136
16139
16156
16164
16194
16200
16210
16216
16236
16258
16259
16265
16271
16278
16279
16286
16296
16318
16320
16342
16345
16351
16375
16381
16391
16411
16412
16429
16446
16463
16468
16490
16492
16504
16516
16518
16531
16542
16549
16553
16554
16560
16592
16621
16633
16634
16636
16644
16646
16655
16680
16687
16695
16696
16724
16726
16727
16733
16738
16740
16745
16752
16755
16774
16775
16776
16786
16787
16791
16792
16800
16802
16821
16832
16839
16849
16860
16865
16884
16888
16897
16911
16914
16934
16949
16975
16988
16992
16994
17002
17021
17024
17026
17047
17065
17068
17072
17083
17089
17112
17122
17125
17130
17132
17133
17149
17155
17181
17190
17206
17236
17239
17244
17249
17261
17278
17279
17282
17299
17330
17336
17339
17341
17367
17384
17399
17406
17412
17421
17423
17425
17472
17496
17505
17513
17521
17530
17531
17539
17546
17570
17574
17580
17581
17582
17586
17589
17606
17610
17613
17617
17628
17655
17659
17664
17667
17683
17696
17712
17717
17728
17742
17754
17764
17775
17778
17780
17782
17789
17791
17794
17795
17800
17802
17807
17820
17827
17837
17843
17855
17857
17858
17859
17868
17894
17899
17901
17904
17912
17946
17949
17977
17978
18032
18035
18068
18071
18082
18089
18093
18094
18101
18103
18104
18105
18113
18123
18148
18166
18184
18186
18187
18225
18233
18281
18288
18290
18294
18320
18321
18322
18333
18353
18357
18363
18376
18402
18418
18430
18436
18456
18459
18460
18461
18468
18473
18484
18516
18532
18546
18559
18570
18572
18586
18596
18614
18623
18648
18657
18673
18677
18681
18699
18725
18737
18739
18756
18764
18768
18778
18792
18815
18825
18833
18839
18848
18860
18868
18902
18908
18921
18928
18936
18953
18954
18958
18962
18967
18968
18971
18982
18996
19002
19038
19039
19048
19056
19059
19060
19071
19074
19080
19087
19098
19104
19117
19119
19142
19155
19169
19184
19208
19216
19223
19241
19246
19289
19303
19308
19310
19322
19330
19334
19346
19371
19375
19398
19411
19412
19418
19463
19470
19472
19507
19512
19522
19529
19533
19547
19568
19569
19570
19588
19590
19592
19596
19597
19620
19627
19632
19641
19690
19698
19728
19731
19754
19757
19793
19798
19805
19811
19815
19817
19823
19827
19833
19842
19851
19891
19894
19896
19898
19911
19913
19940
19952
19953
19960
19984
19986
20009
20061
20062
20064
20066
20082
20084
20086
20088
20101
20121
20124
20125
20130
20132
20133
20140
20162
20173
20181
20187
20190
20199
20217
20226
20230
20236
20242
20248
20249
20256
20296
20309
20312
20320
20375
20400
20421
20424
20425
20426
20447
20460
20473
20479
20528
20536
20545
20546
20548
20551
20552
20573
20577
20598
20600
20606
20624
20626
20643
20651
20678
20688
20704
20711
20713
20724
20743
20745
20747
20759
20769
20778
20796
20801
20804
20816
20824
20836
20856
20865
20883
20887
20891
20900
20913
20920
20922
20929
20931
20938
20947
20957
20966
20969
21015
21042
21051
21071
21090
21093
21102
21123
21124
21125
21138
21139
21150
21156
21162
21168
21185
21202
21223
21255
21256
21273
21277
21280
21284
21293
21312
21321
21323
21334
21347
21362
21405
21413
21423
21431
21447
21448
21450
21452
21453
21454
21458
21460
21462
21483
21514
21530
21538
21548
21553
21569
21574
21584
21592
21607
21613
21619
21623
21630
21633
21645
21651
21666
21667
21675
21686
21693
21700
21706
21727
21734
21743
21745
21769
21786
21795
21819
21827
21853
21860
21866
21885
21892
21900
21901
21921
21939
21951
21962
21965
21990
22004
22010
22017
22019
22020
22024
22043
22050
22067
22083
22122
22126
22128
22129
22160
22165
22176
22180
22192
22200
22207
22213
22235
22251
22266
22277
22289
22291
22297
22312
22330
22332
22333
22336
22337
22371
22383
22386
22392
22421
22424
22426
22432
22442
22446
22449
22493
22500
22503
22505
22520
22528
22534
22538
22549
22553
22559
22578
22579
22581
22585
22587
22588
22624
22667
22677
22700
22712
22732
22735
22754
22763
22782
22788
22792
22801
22804
22815
22817
22823
22835
22836
22839
22844
22849
22851
22855
22860
22862
22888
22914
22921
22930
22933
22938
22946
22951
22954
22963
22970
22987
23000
23014
23023
23028
23036
23038
23039
23049
23060
23062
23082
23092
23100
23108
23109
23140
23162
23194
23197
23201
23219
23226
23242
23244
23257
23262
23281
23295
23304
23317
23318
23325
23332
23339
23364
23365
23371
23380
23384
23390
23394
23440
23450
23473
23475
23478
23483
23503
23523
23533
23546
23549
23568
23577
23596
23632
23642
23657
23666
23675
23678
23687
23694
23697
23706
23707
23711
23734
23739
23749
23762
23779
23786
23788
23790
23792
23802
23809
23811
23815
23829
23837
23844
23845
23847
23872
23873
23876
23895
23927
23933
23949
23955
23959
23986
23990
23999
24018
24067
24074
24083
24084
24086
24099
24105
24110
24114
24121
24129
24141
24163
24170
24177
24181
24190
24226
24235
24248
24252
24253
24276
24280
24285
24289
24317
24330
24338
24357
24361
24374
24387
24402
24444
24477
24486
24488
24510
24548
24562
24569
24571
24573
24577
24580
24581
24586
24588
24607
24616
24622
24631
24635
24656
24663
24672
24674
24675
24676
24677
24682
24683
24687
24714
24743
24745
24772
24776
24785
24806
24808
24825
24837
24854
24856
24868
24872
24891
24900
24902
24937
24938
24968
24975
24981
24982
24995
25001
25008
25012
25020
25027
25039
25049
25053
25069
25070
25072
25076
25104
25108
25115
25117
25121
25131
25143
25148
25150
25157
25175
25178
25184
25188
25189
25212
25213
25216
25217
25219
25225
25232
25234
25235
25255
25256
25258
25259
25280
25286
25297
25299
25313
25317
25321
25329
25332
25337
25338
25345
25354
25363
25367
25368
25385
25395
25397
25403
25411
25415
25416
25449
25477
25481
25487
25490
25497
25504
25510
25515
25528
25540
25553
25557
25574
25581
25590
25640
25655
25658
25668
25679
25708
25711
25722
25723
25724
25739
25764
25775
25780
25782
25786
25788
25790
25809
25814
25835
25851
25876
25882
25921
25929
25933
25935
25941
25949
25963
25965
25975
25989
25997
26012
26027
26031
26036
26040
26046
26052
26055
26066
26067
26102
26118
26119
26125
26134
26136
26140
26161
26168
26178
26192
26200
26201
26208
26214
26218
26219
26220
26222
26263
26271
26274
26277
26286
26288
26308
26313
26317
26324
26368
26377
26381
26384
26391
26395
26398
26401
26431
26474
26479
26494
26515
26523
26532
26535
26576
26579
26601
26618
26620
26633
26638
26648
26649
26688
26704
26705
26709
26715
26724
26727
26737
26741
26779
26780
26781
26847
26855
26863
26864
26868
26872
26884
26887
26889
26921
26926
26927
26932
26935
26936
26964
26967
26980
27002
27003
27020
27022
27024
27043
27049
27065
27067
27083
27084
27089
27102
27103
27106
27117
27119
27132
27152
27160
27162
27163
27167
27172
27179
27184
27195
27209
27232
27235
27237
27242
27243
27245
27247
27251
27256
27266
27278
27282
27290
27315
27337
27355
27367
27386
27390
27398
27400
27414
27416
27427
27431
27434
27440
27447
27449
27462
27463
27467
27468
27471
27476
27499
27511
27512
27517
27530
27547
27554
27563
27570
27574
27576
27577
27588
27597
27599
27616
27617
27639
27655
27657
27659
27660
27665
27667
27690
27694
27712
27723
27743
27745
27750
27758
27770
27771
27790
27793
27795
27797
27799
27800
27808
27823
27829
27863
27866
27869
27875
27879
27894
27901
27905
27910
27927
27931
27949
27953
27960
27981
27995
28013
28017
28019
28026
28032
28043
28055
28057
28061
28065
28073
28076
28080
28082
28090
28092
28093
28101
28104
28109
28115
28138
28166
28174
28175
28180
28182
28190
28192
28202
28206
28218
28221
28222
28223
28239
28240
28247
28259
28264
28265
28270
28278
28281
28291
28292
28293
28296
28298
28300
28313
28315
28336
28338
28343
28346
28356
28358
28365
28399
28416
28423
28447
28457
28462
28496
28502
28505
28515
28516
28524
28525
28530
28531
28541
28544
28561
28566
28575
28576
28578
28611
28619
28628
28644
28651
28657
28671
28676
28683
28698
28712
28716
28721
28724
28729
28735
28741
28742
28752
28753
28754
28765
28775
28776
28805
28806
28808
28814
28820
28824
28827
28843
28865
28866
28868
28869
28883
28887
28902
28911
28915
28933
28935
28941
28973
28982
28999
29002
29003
29012
29027
29030
29035
29043
29052
29055
29073
29074
29075
29092
29110
29115
29121
29123
29129
29130
29135
29137
29138
29141
29142
29164
29176
29191
29219
29220
29251
29252
29261
29262
29274
29276
29278
29304
29305
29315
29316
29317
29328
29334
29336
29338
29340
29343
29350
29352
29358
29360
29364
29365
29366
29372
29378
29392
29398
29411
29425
29433
29436
29453
29463
29467
29477
29478
29481
29483
29495
29496
29497
29502
29503
29504
29512
29520
29530
29541
29544
29545
29553
29556
29558
29570
29576
29579
29581
29619
29620
29631
29646
29664
29665
29666
29672
29682
29690
29708
29722
29726
29730
29744
29755
29765
29767
29810
29819
29829
29845
29859
29861
29862
29866
29884
29894
29926
29937
29946
29950
29961
29965
29967
29968
29969
29971
29972
29985
29991
29999
30011
30026
30047
30049
30054
30065
30071
30084
30088
30089
30093
30095
30105
30110
30114
30120
30129
30138
30140
30143
30144
30183
30208
30214
30217
30221
30225
30239
30247
30253
30262
30274
30275
30277
30284
30296
30298
30299
30316
30322
30336
30344
30349
30354
30376
30393
30408
30414
30420
30437
30447
30452
30457
30461
30464
30466
30476
30477
30501
30503
30508
30509
30530
30534
30541
30544
30548
30550
30551
30552
30561
30564
30569
30575
30579
30590
30601
30606
30637
30638
30641
30646
30648
30650
30660
30669
30671
30678
30682
30695
30696
30699
30707
30714
30737
30754
30775
30777
30786
30790
30798
30810
30820
30822
30829
30846
30855
30868
30887
30911
30915
30917
30927
30946
30962
30964
30977
30979
30985
30987
31029
31043
31044
31051
31054
31062
31069
31073
31088
31093
31112
31120
31122
31133
31136
31139
31153
31160
31183
31184
31185
31187
31190
31193
31199
31203
31205
31206
31207
31212
31226
31244
31260
31262
31275
31279
31305
31312
31322
31332
31336
31340
31376
31385
31439
31441
31442
31454
31470
31501
31502
31520
31521
31527
31564
31569
31573
31574
31585
31610
31641
31651
31660
31662
31664
31680
31684
31700
31717
31719
31728
31755
31770
31778
31779
31792
31812
31842
31854
31880
31881
31891
31904
31910
31911
31912
31928
31931
31942
31965
31966
31969
31977
31982
31987
31994
32005
32013
32014
32023
32050
32061
32074
32082
32099
32106
32122
32125
32140
32150
32154
32156
32161
32177
32181
32190
32192
32195
32203
32234
32247
32286
32303
32317
32348
32351
32367
32373
32376
32377
32380
32387
32396
32399
32406
32410
32412
32419
32420
32421
32425
32433
32434
32436
32440
32441
32447
32453
32460
32466
32475
32481
32495
32502
32504
32512
32527
32536
32540
32548
32568
32592
32613
32639
32652
32658
32664
32677
32678
32679
32684
32707
32740
32742
32746
32749
32766
32786
32789
32790
32791
32797
32805
40057
40059
40078
40094
40124
40179
40236
40310
40337
40388
40461
40463
40464
40474
40526
40546
40576
40577
40695
40697
40729
40736
40822
40837
40851
40900
40904
40911
40923
40934
41004
41024
41034
41035
41077
41115
41191
41192
41216
41311
41350
41359
41373
41442
41446
41448
41515
41603
41621
41639
41702
41719
41724
41768
41795
41890
41897
41966
41976
42054
42055
42058
42067
42073
42129
42135
42180
42196
42346
42351
42400
42410
42468
42525
42574
42583
42606
42683
42763
42780
42794
42820
42919
42970
42995
43067
43084
43112
43121
43122
43126
43128
43147
43186
43320
43323
43325
43367
43439
43456
43459
43472
43484
43501
43551
43561
43589
43673
43803
43812
43881
43911
43937
43943
43961
43982
43991
44061
44083
44206
44232
44248
44265
44277
44326
44408
44413
44451
44508
44530
44602
44622
44735
44741
44751
44770
44787
44793
44799
44841
44851
44890
44941
45092
45176
45180
45213
45232
45273
45280
45309
45321
45344
45395
45407
45410
45509
45542
45566
45575
45576
45589
45608
45655
45684
45783
45914
46034
46077
46081
46105
46127
46205
46228
46251
46260
46287
46339
46373
46423
46467
46487
46497
46527
46569
46586
46588
46668
46733
46755
46809
46815
46845
46851
46854
46889
46904
46926
46934
47035
47045
47127
47137
47219
47226
47240
47257
47271
47326
47430
47450
47492
47543
47556
47569
47683
47731
47733
47748
47758
47775
47785
47787
47790
47816
47827
47887
47907
47956
47983
48011
48032
48038
48118
48123
48124
48143
48177
48233
48292
48297
48327
48340
48344
48372
48414
48420
48451
48453
48527
48580
48693
48697
48794
48812
48821
48872
48974
48999
49019
49037
49068
49081
49106
49140
49225
49292
49311
49328
49380
49431
49453
49500
49555
49580
49611
49623
49634
49649
49683
49840
49952
50017
50041
50049
50087
50093
50113
50140
50141
50148
50237
50259
50302
50321
50362
50391
50409
50440
50445
50476
50507
50532
50618
50651
50710
50721
50735
50744
50760
50761
50762
50807
50817
50822
50895
50969
50976
51025
51027
51039
51078
51145
51165
51178
51180
51188
51203
51226
51275
51327
51335
51337
51349
51418
51462
51482
51493
51522
51545
51555
51558
51596
51628
51663
51698
51754
51783
51798
51821
51839
51847
51859
51891
51909
51992
52068
52125
52172
52191
52263
52296
52307
52314
52330
52350
52436
52452
52482
52529
52547
52574
52592
52641
52647
52676
52697
52710
52736
52779
52816
52828
52837
52872
52898
52899
52932
52945
52952
52974
52978
52985
52996
53014
53119
53176
53216
53238
53269
53294
53355
53404
53411
53432
53437
53459
53464
53470
53596
53600
53632
53636
53650
53663
53677
53714
53763
53775
53787
53804
53850
53876
53896
53939
54121
54182
54197
54241
54247
54305
54348
54353
54385
54393
54406
54444
54523
54610
54613
54636
54651
54681
54708
54728
54811
54826
54830
54832
54894
54922
54935
54994
55013
55027
55049
55059
55094
55104
55180
55186
55188
55281
55423
55523
55529
55571
55591
55597
55601
55616
55672
55677
55753
55909
55920
55921
55966
55973
56112
56116
56187
56201
56229
56243
56283
56287
56289
56307
56317
56391
56440
56462
56502
56527
56552
56635
56703
56757
56758
56796
56798
56840
56854
56855
56861
57001
57051
57073
57081
57091
57105
57114
57139
57172
57199
57290
57330
57342
57437
57467
57476
57496
57599
57686
57713
57734
57735
57765
57806
57907
57911
57935
57981
58008
58108
58128
58134
58163
58247
58249
58264
58286
58296
58319
58351
58377
58389
58416
58501
58505
58526
58528
58580
58736
58740
58747
58773
58781
58782
58792
58793
58810
58821
58825
58834
58868
58899
58917
58965
58993
59036
59049
59067
59133
59141
59158
59194
59198
59210
59215
59301
59311
59314
59318
59347
59375
59411
59448
59496
59505
59507
59513
59516
59549
59618
59628
59630
59657
59677
59716
59720
59761
59801
59828
59829
59834
59841
59845
59864
59875
59889
59917
59924
59936
59945
59948
59960
59986
59991
60020
60057
60104
60106
60115
60142
60181
60274
60295
60343
60436
60518
60595
60668
60737
60767
60773
60829
60842
60878
60955
61005
61030
61084
61157
61163
61179
61182
61195
61201
61223
61259
61472
61500
61519
61605
61620
61630
61667
61671
61740
61802
61809
61816
61825
61932
61943
62032
62035
62114
62157
62183
62186
62194
62239
62259
62261
62284
62298
62380
62466
62478
62479
62514
62543
62586
62594
62603
62608
62613
62641
62646
62650
62681
62691
62717
62733
62734
62813
62865
62917
62925
62930
63009
63039
63048
63053
63058
63107
63110
63177
63201
63292
63320
63327
63360
63386
63494
63539
63601
63628
63637
63660
63692
63701
63721
63733
63755
63756
63875
63878
63899
63943
63955
63961
63992
64026
64089
64153
64160
64230
64274
64277
64286
64296
64298
64361
64411
64520
64538
64550
64700
64740
64785
64825
64873
64874
64904
64906
64919
64969
64988
64999
65003
65056
65082
65164
65190
65267
65284
65309
65351
65401
65431
65449
65467
65558
65582
65623
65665
65703
65710
65759
65779
65824
65833
65861
65906
65925
65954
65956
65959
65973
65979
65982
65994
66015
66061
66079
66093
66095
66157
66158
66172
66244
66256
66298
66338
66384
66405
66499
66505
66507
66532
66596
66604
66637
66688
66706
66723
66745
66761
66818
66823
66825
66831
66899
66988
67017
67050
67060
67067
67070
67112
67134
67140
67150
67154
67164
67206
67209
67241
67265
67281
67301
67344
67348
67384
67426
67446
67473
67481
67512
67579
67617
67624
67711
67719
67735
67803
67887
67910
67924
67956
68065
68089
68099
68103
68123
68127
68135
68174
68186
68218
68221
68251
68295
68301
68356
68389
68391
68401
68433
68457
68564
68579
68605
68699
68702
68704
68709
68764
68780
68785
68867
68870
68900
68905
68946
68956
69000
69011
69047
69098
69169
69194
69225
69250
69251
69265
69271
69293
69323
69328
69338
69344
69354
69398
69438
69447
69483
69531
69654
69713
69766
69776
69806
69851
69855
69857
69912
69995
70004
70078
70080
70180
70188
70191
70226
70252
70313
70330
70386
70433
70445
70469
70485
70500
70516
70521
70563
70587
70645
70709
70745
70772
70807
70842
70851
70886
70890
70907
70937
70989
71083
71084
71107
71108
71130
71177
71184
71190
71244
71336
71377
71397
71527
71603
71645
71774
71848
71871
71878
71921
72000
72033
72083
72113
72147
72196
72197
72230
72233
72308
72329
72353
72354
72421
72447
72482
72536
72541
72545
72582
72707
72714
72725
72753
72790
72844
72847
72885
72924
72930
72969
72978
72992
73068
73081
73143
73186
73200
73206
73211
73242
73249
73322
73358
73370
73385
73409
73417
73454
73488
73509
73565
73572
73575
73612
73648
73686
73713
73755
73770
73811
73877
73941
73946
73973
73979
74001
74002
74016
74032
74046
74081
74144
74223
74252
74319
74346
74353
74426
74438
74463
74482
74504
74514
74562
74626
74627
74630
74632
74639
74674
74687
74693
74711
74725
74816
74817
74835
74894
74924
74935
74955
74976
75027
75054
75071
75100
75155
75188
75194
75201
75223
75249
75300
75305
75315
75320
75335
75420
75451
75454
75500
75509
75510
75525
75557
75586
75609
75658
75668
75741
75772
75782
75795
75824
75867
75899
76001
76005
76012
76028
76056
76151
76165
76174
76186
76193
76196
76203
76222
76240
76261
76282
76327
76418
76435
76446
76477
76529
76580
76594
76602
76652
76654
76698
76732
76760
76780
76782
76797
76800
76835
76853
76930
76994
77019
77037
77053
77067
77129
77135
77148
77149
77163
77220
77259
77265
77280
77341
77349
77383
77395
77427
77469
77471
77478
77480
77484
77502
77511
77614
77660
77661
77673
77734
77771
77815
77816
77836
77842
77850
77900
77924
77947
77980
77987
78007
78100
78238
78241
78318
78342
78388
78415
78419
78454
78504
78506
78536
78565
78641
78685
78705
78708
78716
78782
78801
78814
78895
78946
78966
79002
79015
79038
79051
79090
79100
79126
79288
79348
79539
79585
79602
79645
79651
79709
79735
79795
79804
79836
79851
79873
79923
79977
79996
79998
80015
80041
80045
80046
80081
80105
80106
80237
80260
80274
80286
80287
80298
80305
80308
80313
80342
80369
80423
80490
80511
80536
80603
80628
80658
80789
80791
80799
80805
80847
80858
80920
80927
80956
80982
81020
81025
81096
81114
81146
81154
81157
81202
81209
81229
81240
81247
81317
81342
81349
81362
81443
81444
81456
81464
81491
81543
81545
81560
81561
81660
81715
81754
81778
81807
81810
81846
81850
81865
81866
81904
81926
81933
81958
82003
82038
82073
82091
82100
82104
82150
82187
82208
82217
82229
82231
82377
82393
82405
82433
82494
82575
82649
82681
82685
82806
82810
82828
82843
82846
82950
82960
82973
83013
83057
83079
83120
83128
83156
83180
83182
83210
83361
83393
83401
83433
83466
83509
83527
83550
83564
83608
83653
83691
83695
83751
83892
83901
83932
83937
84061
84107
84223
84310
84350
84421
84450
84461
84463
84469
84534
84595
84600
84615
84624
84633
84669
84685
84687
84745
84845
84874
84884
84909
84914
84966
84983
85036
85079
85131
85138
85163
85195
85255
85258
85264
85327
85350
85402
85417
85441
85457
85479
85489
85490
85539
85639
85685
85700
85704
85740
85767
85828
85842
85866
85899
85999
86042
86146
86158
86193
86209
86276
86279
86317
86393
86530
86561
86628
86648
86663
86709
86711
86717
86719
86722
86773
86805
86810
86824
86845
86866
86934
86961
87053
87055
87144
87160
87266
87275
87284
87352
87470
87572
87595
87602
87687
87880
87926
87936
87948
87962
87978
87980
87982
87986
87995
88009
88018
88065
88079
88099
88163
88206
88214
88306
88325
88356
88420
88446
88452
88508
88635
88636
88685
88711
88733
88832
88857
88882
88971
88994
89092
89095
89100
89103
89119
89124
89180
89277
89290
89329
89347
89356
89419
89446
89447
89493
89536
89556
89616
89633
89754
89797
89817
89840
89849
89927
89992
90020
90026
90033
90044
90122
90143
90165
90317
90354
90365
90392
90396
90418
90441
90451
90455
90460
90538
90560
90676
90688
90699
90720
90755
90805
90814
90834
90902
90954
90990
91024
91090
91103
91143
91150
91199
91200
91242
91245
91327
91451
91465
91511
91513
91525
91548
91551
91561
91588
91616
91633
91669
91705
91730
91738
91773
91802
91827
91838
91842
91855
91862
91867
91872
91934
92063
92066
92117
92135
92137
92175
92195
92212
92277
92287
92331
92373
92393
92420
92438
92525
92551
92589
92644
92757
92796
92820
92843
92873
93025
93026
93039
93054
93113
93119
93187
93191
93272
93277
93284
93325
93360
93381
93387
93398
93432
93459
93475
93517
93535
93560
93564
93571
93595
93602
93610
93632
93637
93648
93659
93663
93679
93705
93722
93799
93806
93836
93870
93924
93932
93970
93996
94016
94021
94046
94091
94105
94241
94256
94264
94297
94329
94430
94525
94574
94575
94581
94597
94611
94698
94762
94785
94828
94853
94872
94937
94962
94977
95004
95057
95076
95100
95122
95136
95182
95238
95312
95372
95377
95380
95515
95523
95561
95637
95677
95705
95708
95725
95759
95765
95782
95816
95830
95909
95925
96006
96023
96025
96040
96100
96137
96145
96148
96177
96199
96212
96218
96234
96240
96259
96260
96371
96404
96429
96442
96468
96491
96514
96577
96651
96666
96677
96719
96731
96734
96741
96759
96777
96791
96793
96848
96908
96924
96928
96950
96962
96965
96997
97020
97023
97037
97042
97070
97178
97181
97206
97212
97307
97353
97421
97441
97443
97488
97547
97564
97567
97714
97769
97830
97916
97924
97942
97984
98050
98103
98130
98169
98185
98220
98249
98268
98276
98279
98336
98342
98347
98385
98481
98494
98518
98593
98666
98744
98813
98864
98887
98920
98931
98973
98994
99054
99096
99100
99102
99120
99166
99178
99231
99260
99268
99312
99322
99339
99346
99361
99383
99384
99439
99464
99469
99538
99556
99562
99613
99647
99650
99756
99781
99783
99822
99883
99897
99923
